Simple Rotator
0.001
3

100000000
-1
-1
0
0
-8.215838363
F
F


100000000
1
0
0
0
0
F
F


100000000
-1
1
0
0
8.215838363
F
F

-3.2
3.2
-1.8
1.8

Imbalanced Rotator
0.001
3

100000000
-1
-1
0
0
-8.215838363
F
F


100000000
1
0
0
0
0
F
F


100000000
-1
1
0
0
10.215838363
F
F

-3.2
3.2
-1.8
1.8


IMbalanced Loop
0.001
3

100000000
-1
-1
0
0
-8.215838363
F
F


100000000
1
0
0
0
0
F
F


100000000
-1
1
0
0
8.215738363
F
F

-3.2
3.2
-1.8
1.8

Imbalanced Loop
0.001
3

100000000
-1
-1
0
0
-8.215838363
F
F


100000000
1
0
0
0
0
F
F


100000000
-1
1
0
0
8.215838362
F
F

-3.2
3.2
-1.8
1.8

Imbalance
0.001
4

100000000
-1
-1
0
0
-8.215838363
F
F


100000000
1
0
0
0
0
F
F


100000000
-1
1
0
0
8.215838363
F
F

100000000
0.1
-2
2
0
0
F
F

-3.2
3.2
-1.8
1.8

IMbalance
0.001
5

100000000
-1
-1
0
0
-8.215838363
F
F


100000000
1
0
0
0
0
F
F


100000000
-1
1
0
0
8.215838363
F
F

10
0
-2
2
0
0
F
F

10
0
2.00001
-2
0
0
F
F

-3.2
3.2
-1.8
1.8

==================

0.00001
4

100
1
-3
0
0
0
T
-3

f


1000
1
0
3
0
0
F
T

3


1000
1
0
-3
0
0
F
T
-3


1000
1
2.5
1
0
0
F
F

-8 8
-4.5 4.5


Degenerating
0.001
3

100000000
-1
-1
0
0
-6.215838363
F
F


100000000
1
0
0
0
0
F
F


100000000
-1
1
0
0
8.315838363
F
F

-3.2
3.2
-1.8
1.8

Escaping
0.001
3

100000000
-1
-1
0
0.1
-8.615838363
F
F


100000000
1
0
0
0.1
0
F
F


100000000
-1
1
0
0.1
8.615838363
F
F

-3.2
3.2
-1.8
1.8


4-way
0.001
5

100
0.01
0
0
0
0
F
F

100
-0.01
5
0
0
36.742
F
F

100
-0.01
0
5
-36.742
0
F
F

100
-0.01
-5
0
0
-36.742
F
F

100
-0.01
0
-5
36.742
0
F
F

-16
16
-9
9

0.1

Rectilinear to rotational
0.001
3

100
0.01
0
0
0
0
F
F

100
-0.05
10
2
-10
0
F
F

100
-0.05
-10
-2
10
0
F
F

-16
16
-9
9

0.01


stick
0.001
3

100
0.03
0
0
0
0
F
F

100
-0.05
10
2
-10
0
F
F

100
-0.05
-10
-2
10
0
F
F

-16
16
-9
9

0.01


another
0.001
3

100
0.01
0
0
0
0
F
F

100
-0.05
10
2
-60
0
F
F

100
-0.05
-10
-2
60
0
F
F

-16
16
-9
9

0.01

another
0.001
3

100
0.01
0
0
0
0
F
F

100
-0.05
10
2
-80
0
F
F

100
-0.05
-10
-2
80
0
F
F

-16
16
-9
9

0.01