34
29
85
24
5
13
78
76
25
31
3
61
44
70
0
77
0
21
44
33
23
10
91
36
43
99
53
99
85
89
62
6
31
17
79
29
28
24
46
37
12
53
18
38
2
74
77
39
78
99
0
44
15
93
13
21
70
35
28
47
49
45
24
52
24
67
20
32
54
94
62
27
84
12
80
42
70
20
20
38
23
78
51
64
20
81
93
55
56
40
63
45
39
31
65
24
9
95
67
90
95
41
27
19
73
27
34
71
43
38
45
97
10
64
94
34
17
98
80
99
29
94
39
45
59
66
98
15
42
1
84
55
50
79
73
67
15
69
90
60
10
99
59
36
74
34
74
48
79
62
10
69
61
80
61
95
83
78
6
13
7
8
75
20
63
51
84
83
38
41
42
40
1
40
27
45
40
15
33
99
