83
28
39
11
56
74
68
79
74
93
51
17
36
84
71
87
55
17
20
17
8
57
7
9
9
20
99
45
95
92
43
98
67
57
82
72
50
21
50
98
19
35
54
72
1
39
71
20
15
40
85
99
35
99
75
53
66
23
28
76
93
54
78
81
82
67
5
36
59
33
38
43
1
8
82
74
94
63
10
34
39
55
48
73
16
72
63
62
9
98
9
10
66
78
69
95
69
47
5
5
80
96
55
15
87
68
12
39
39
5
70
50
61
45
10
2
10
63
82
27
83
35
65
78
46
14
64
25
67
9
38
76
61
27
16
16
41
2
75
3
14
32
53
71
68
15
18
80
11
12
19
5
55
92
0
35
16
21
72
46
0
88
47
9
14
83
15
81
28
7
44
77
29
43
73
77
8
13
93
94
