97
39
87
32
22
73
90
87
30
59
50
13
25
30
75
18
68
93
81
21
24
53
56
94
38
67
9
75
52
43
31
72
53
42
68
56
74
13
69
94
29
97
54
90
20
7
26
25
35
62
40
27
30
97
6
31
78
75
39
98
87
61
48
86
89
85
39
58
75
38
48
67
40
17
21
77
88
87
94
19
67
9
99
30
43
64
22
5
81
87
56
34
86
96
68
26
39
42
38
70
26
60
19
34
15
66
26
71
0
70
15
85
88
36
16
61
52
18
52
39
81
6
22
20
10
62
98
26
51
31
7
65
50
92
73
60
45
49
10
17
69
90
12
90
42
17
89
91
37
24
64
34
75
22
28
22
23
58
39
33
39
1
77
93
64
9
95
97
24
26
35
49
53
17
2
27
41
21
85
22
