68
20
35
88
3
93
94
0
58
64
44
63
16
56
70
56
48
97
36
89
64
11
89
98
0
76
47
15
74
36
42
53
59
93
31
10
42
61
90
33
84
40
37
96
72
51
28
86
21
71
67
9
19
44
19
8
51
34
97
27
76
33
76
52
95
21
2
86
82
84
74
53
13
4
29
72
69
55
28
19
22
50
86
77
5
10
67
15
8
73
45
32
22
72
6
52
86
28
27
76
31
63
36
7
49
77
13
23
48
19
58
20
96
58
54
2
17
18
87
67
37
55
86
26
11
30
92
6
47
14
3
64
12
1
62
93
73
49
93
22
65
0
29
73
61
59
18
71
89
88
69
99
56
63
88
58
76
87
2
67
42
14
97
7
38
83
77
25
88
5
39
55
7
81
35
29
99
33
95
64
