2
27
25
85
80
19
73
94
81
12
94
29
49
78
54
96
97
57
25
20
28
17
33
39
42
37
82
67
12
87
52
22
37
63
58
16
5
49
48
44
85
42
8
27
32
55
17
64
58
84
60
97
58
56
60
23
89
14
13
92
82
57
26
1
60
90
84
76
57
22
11
20
37
35
5
88
46
48
25
63
88
21
14
68
60
45
33
91
63
62
21
64
9
58
34
24
83
49
0
4
22
48
31
45
42
33
40
77
27
58
55
79
32
46
73
22
33
43
92
78
15
3
29
36
60
98
62
19
49
66
38
28
53
13
10
34
2
92
94
89
27
36
89
62
49
53
87
3
67
8
77
43
18
43
54
52
53
37
84
50
54
40
29
65
66
57
50
9
92
98
7
50
86
16
13
38
79
82
36
21
